%%MatrixMarket matrix coordinate real general
%% A_matrix
%% Stores stiffness matrix values
54 54 1767
1 2 0.00000000000000000e+00
1 3 0.00000000000000000e+00
1 4 -5.55555555555555998e+02
1 5 -4.16666666666666686e+02
1 6 -4.16666666666666686e+02
1 7 5.55555555555555884e+02
1 8 5.68434188608080149e-14
1 9 2.84217094304040074e-14
1 10 -6.94444444444444798e+02
1 11 -4.16666666666666742e+02
1 12 -2.08333333333333400e+02
1 1 4.44444444444444525e+03
1 19 5.55555555555555657e+02
1 20 2.84217094304040074e-14
1 21 0.00000000000000000e+00
1 22 -6.94444444444444684e+02
1 23 -2.08333333333333371e+02
1 24 -4.16666666666666742e+02
1 25 -5.55555555555555429e+02
1 26 0.00000000000000000e+00
1 27 0.00000000000000000e+00
1 28 -5.55555555555555657e+02
1 29 -2.08333333333333371e+02
1 30 -2.08333333333333371e+02
2 2 4.44444444444444525e+03
2 3 8.33333333333333371e+02
2 4 4.16666666666666686e+02
2 5 2.77777777777777601e+02
2 6 2.08333333333333400e+02
2 7 5.68434188608080149e-14
2 8 -1.11111111111111086e+03
2 9 -8.33333333333333485e+02
2 10 -4.16666666666666742e+02
2 11 -6.94444444444444571e+02
2 12 -2.08333333333333400e+02
2 1 0.00000000000000000e+00
2 19 -2.84217094304040074e-14
2 20 5.55555555555555657e+02
2 21 8.33333333333333485e+02
2 22 2.08333333333333400e+02
2 23 -2.77777777777777942e+02
2 24 2.08333333333333371e+02
2 25 0.00000000000000000e+00
2 26 -1.38888888888888869e+03
2 27 -8.33333333333333485e+02
2 28 -2.08333333333333400e+02
2 29 -5.55555555555555657e+02
2 30 -2.08333333333333371e+02
3 2 8.33333333333333371e+02
3 3 4.44444444444444525e+03
3 4 4.16666666666666629e+02
3 5 2.08333333333333286e+02
3 6 2.77777777777777658e+02
3 7 2.84217094304040074e-14
3 8 8.33333333333333371e+02
3 9 5.55555555555555884e+02
3 10 2.08333333333333371e+02
3 11 2.08333333333333343e+02
3 12 -2.77777777777777942e+02
3 1 0.00000000000000000e+00
3 19 0.00000000000000000e+00
3 20 -8.33333333333333371e+02
3 21 -1.11111111111111131e+03
3 22 -4.16666666666666799e+02
3 23 -2.08333333333333371e+02
3 24 -6.94444444444444798e+02
3 25 -2.84217094304040074e-14
3 26 -8.33333333333333258e+02
3 27 -1.38888888888888869e+03
3 28 -2.08333333333333400e+02
3 29 -2.08333333333333371e+02
3 30 -5.55555555555555657e+02
4 2 4.16666666666666686e+02
4 3 4.16666666666666629e+02
4 4 2.22222222222222263e+03
4 5 -4.16666666666666686e+02
4 6 -4.16666666666666629e+02
4 7 -6.94444444444444798e+02
4 8 4.16666666666666686e+02
4 9 2.08333333333333343e+02
4 10 2.77777777777777942e+02
4 11 -4.16666666666666686e+02
4 12 -2.08333333333333343e+02
4 1 -5.55555555555555998e+02
4 19 -6.94444444444444571e+02
4 20 2.08333333333333371e+02
4 21 4.16666666666666686e+02
4 22 2.77777777777777942e+02
4 23 -2.08333333333333371e+02
4 24 -4.16666666666666686e+02
4 25 -5.55555555555555657e+02
4 26 2.08333333333333371e+02
4 27 2.08333333333333343e+02
4 28 -2.77777777777777658e+02
4 29 -2.08333333333333371e+02
4 30 -2.08333333333333343e+02
5 2 2.77777777777777601e+02
5 3 2.08333333333333286e+02
5 4 -4.16666666666666686e+02
5 5 2.22222222222222217e+03
5 6 4.16666666666666572e+02
5 7 4.16666666666666686e+02
5 8 -6.94444444444444571e+02
5 9 -2.08333333333333286e+02
5 10 4.16666666666666742e+02
5 11 -5.55555555555555316e+02
5 12 -4.16666666666666629e+02
5 1 -4.16666666666666686e+02
5 19 -2.08333333333333371e+02
5 20 -2.77777777777777828e+02
5 21 2.08333333333333371e+02
5 22 -2.08333333333333400e+02
5 23 2.77777777777777828e+02
5 24 4.16666666666666742e+02
5 25 2.08333333333333371e+02
5 26 -5.55555555555555657e+02
5 27 -2.08333333333333343e+02
5 28 2.08333333333333400e+02
5 29 -6.94444444444444343e+02
5 30 -4.16666666666666686e+02
6 2 2.08333333333333400e+02
6 3 2.77777777777777658e+02
6 4 -4.16666666666666629e+02
6 5 4.16666666666666572e+02
6 6 2.22222222222222217e+03
6 7 -2.08333333333333400e+02
6 8 2.08333333333333400e+02
6 9 -2.77777777777777885e+02
6 10 -2.08333333333333371e+02
6 11 4.16666666666666686e+02
6 12 2.77777777777777885e+02
6 1 -4.16666666666666686e+02
6 19 4.16666666666666686e+02
6 20 -2.08333333333333371e+02
6 21 -6.94444444444444343e+02
6 22 4.16666666666666799e+02
6 23 -4.16666666666666629e+02
6 24 -5.55555555555555543e+02
6 25 2.08333333333333400e+02
6 26 -2.08333333333333371e+02
6 27 -5.55555555555555543e+02
6 28 2.08333333333333400e+02
6 29 -4.16666666666666572e+02
6 30 -6.94444444444444343e+02
7 2 5.68434188608080149e-14
7 3 2.84217094304040074e-14
7 4 -6.94444444444444798e+02
7 5 4.16666666666666686e+02
7 6 -2.08333333333333400e+02
7 7 8.88888888888889051e+03
7 8 0.00000000000000000e+00
7 9 0.00000000000000000e+00
7 10 -1.11111111111111200e+03
7 11 5.68434188608080149e-14
7 12 -8.33333333333333485e+02
7 13 5.55555555555556225e+02
7 14 5.68434188608080149e-14
7 15 -2.84217094304040074e-14
7 16 -6.94444444444444798e+02
7 17 -4.16666666666666742e+02
7 18 -2.08333333333333428e+02
7 1 5.55555555555555884e+02
7 19 -5.55555555555555657e+02
7 20 2.84217094304040074e-14
7 21 0.00000000000000000e+00
7 22 -5.55555555555555657e+02
7 23 2.08333333333333371e+02
7 24 -2.08333333333333371e+02
7 25 1.11111111111111154e+03
7 26 2.84217094304040074e-14
7 27 0.00000000000000000e+00
7 28 -1.38888888888888914e+03
7 29 2.84217094304040074e-14
7 30 -8.33333333333333485e+02
7 31 -5.55555555555555543e+02
7 32 0.00000000000000000e+00
7 33 0.00000000000000000e+00
7 34 -5.55555555555555657e+02
7 35 -2.08333333333333371e+02
7 36 -2.08333333333333400e+02
8 2 -1.11111111111111086e+03
8 3 8.33333333333333371e+02
8 4 4.16666666666666686e+02
8 5 -6.94444444444444571e+02
8 6 2.08333333333333400e+02
8 7 0.00000000000000000e+00
8 8 8.88888888888889051e+03
8 9 5.68434188608080149e-14
8 10 -5.68434188608080149e-14
8 11 5.55555555555555202e+02
8 12 -2.84217094304040074e-14
8 13 5.68434188608080149e-14
8 14 -1.11111111111111040e+03
8 15 -8.33333333333333485e+02
8 16 -4.16666666666666742e+02
8 17 -6.94444444444444571e+02
8 18 -2.08333333333333371e+02
8 1 5.68434188608080149e-14
8 19 0.00000000000000000e+00
8 20 -1.38888888888888937e+03
8 21 8.33333333333333485e+02
8 22 2.08333333333333371e+02
8 23 -5.55555555555555657e+02
8 24 2.08333333333333371e+02
8 25 -2.84217094304040074e-14
8 26 1.11111111111111131e+03
8 27 0.00000000000000000e+00
8 28 2.84217094304040074e-14
8 29 -5.55555555555555884e+02
8 30 0.00000000000000000e+00
8 31 0.00000000000000000e+00
8 32 -1.38888888888888914e+03
8 33 -8.33333333333333485e+02
8 34 -2.08333333333333400e+02
8 35 -5.55555555555555657e+02
8 36 -2.08333333333333371e+02
9 2 -8.33333333333333485e+02
9 3 5.55555555555555884e+02
9 4 2.08333333333333343e+02
9 5 -2.08333333333333286e+02
9 6 -2.77777777777777885e+02
9 7 0.00000000000000000e+00
9 8 5.68434188608080149e-14
9 9 8.88888888888889051e+03
9 10 8.33333333333333258e+02
9 11 -2.84217094304040074e-14
9 12 5.55555555555555202e+02
9 13 2.84217094304040074e-14
9 14 8.33333333333333371e+02
9 15 5.55555555555556339e+02
9 16 2.08333333333333371e+02
9 17 2.08333333333333314e+02
9 18 -2.77777777777777828e+02
9 1 2.84217094304040074e-14
9 19 -2.84217094304040074e-14
9 20 8.33333333333333371e+02
9 21 -1.38888888888888937e+03
9 22 -2.08333333333333400e+02
9 23 2.08333333333333371e+02
9 24 -5.55555555555555657e+02
9 25 5.68434188608080149e-14
9 26 -1.13686837721616030e-13
9 27 -2.22222222222222263e+03
9 28 -8.33333333333333485e+02
9 29 0.00000000000000000e+00
9 30 -1.38888888888888937e+03
9 31 -2.84217094304040074e-14
9 32 -8.33333333333333371e+02
9 33 -1.38888888888888914e+03
9 34 -2.08333333333333371e+02
9 35 -2.08333333333333371e+02
9 36 -5.55555555555555770e+02
10 2 -4.16666666666666742e+02
10 3 2.08333333333333371e+02
10 4 2.77777777777777942e+02
10 5 4.16666666666666742e+02
10 6 -2.08333333333333371e+02
10 7 -1.11111111111111200e+03
10 8 -5.68434188608080149e-14
10 9 8.33333333333333258e+02
10 10 4.44444444444444525e+03
10 11 5.68434188608080149e-14
10 12 -8.33333333333333258e+02
10 13 -6.94444444444444798e+02
10 14 4.16666666666666686e+02
10 15 2.08333333333333400e+02
10 16 2.77777777777778113e+02
10 17 -4.16666666666666686e+02
10 18 -2.08333333333333400e+02
10 1 -6.94444444444444798e+02
10 19 -5.55555555555555657e+02
10 20 -2.08333333333333400e+02
10 21 2.08333333333333343e+02
10 22 -2.77777777777777828e+02
10 23 2.08333333333333400e+02
10 24 -2.08333333333333343e+02
10 25 -1.38888888888888914e+03
10 26 -2.84217094304040074e-14
10 27 8.33333333333333485e+02
10 28 5.55555555555555884e+02
10 29 2.84217094304040074e-14
10 30 -8.33333333333333485e+02
10 31 -5.55555555555555657e+02
10 32 2.08333333333333371e+02
10 33 2.08333333333333371e+02
10 34 -2.77777777777777715e+02
10 35 -2.08333333333333371e+02
10 36 -2.08333333333333371e+02
11 2 -6.94444444444444571e+02
11 3 2.08333333333333343e+02
11 4 -4.16666666666666686e+02
11 5 -5.55555555555555316e+02
11 6 4.16666666666666686e+02
11 7 5.68434188608080149e-14
11 8 5.55555555555555202e+02
11 9 -2.84217094304040074e-14
11 10 5.68434188608080149e-14
11 11 4.44444444444444434e+03
11 12 -1.13686837721616030e-13
11 13 4.16666666666666686e+02
11 14 -6.94444444444444571e+02
11 15 -2.08333333333333314e+02
11 16 4.16666666666666742e+02
11 17 -5.55555555555555202e+02
11 18 -4.16666666666666686e+02
11 1 -4.16666666666666742e+02
11 19 -2.08333333333333371e+02
11 20 -5.55555555555555657e+02
11 21 2.08333333333333343e+02
11 22 -2.08333333333333371e+02
11 23 -6.94444444444444571e+02
11 24 4.16666666666666742e+02
11 25 0.00000000000000000e+00
11 26 -5.55555555555555657e+02
11 27 2.84217094304040074e-14
11 28 -2.84217094304040074e-14
11 29 5.55555555555555657e+02
11 30 0.00000000000000000e+00
11 31 2.08333333333333371e+02
11 32 -5.55555555555555657e+02
11 33 -2.08333333333333343e+02
11 34 2.08333333333333400e+02
11 35 -6.94444444444444343e+02
11 36 -4.16666666666666686e+02
12 2 -2.08333333333333400e+02
12 3 -2.77777777777777942e+02
12 4 -2.08333333333333343e+02
12 5 -4.16666666666666629e+02
12 6 2.77777777777777885e+02
12 7 -8.33333333333333485e+02
12 8 -2.84217094304040074e-14
12 9 5.55555555555555202e+02
12 10 -8.33333333333333258e+02
12 11 -1.13686837721616030e-13
12 12 4.44444444444444525e+03
12 13 -2.08333333333333456e+02
12 14 2.08333333333333371e+02
12 15 -2.77777777777777828e+02
12 16 -2.08333333333333371e+02
12 17 4.16666666666666572e+02
12 18 2.77777777777778113e+02
12 1 -2.08333333333333400e+02
12 19 2.08333333333333400e+02
12 20 2.08333333333333371e+02
12 21 -5.55555555555555657e+02
12 22 2.08333333333333400e+02
12 23 4.16666666666666629e+02
12 24 -6.94444444444444571e+02
12 25 8.33333333333333371e+02
12 26 0.00000000000000000e+00
12 27 -1.38888888888888891e+03
12 28 8.33333333333333485e+02
12 29 5.68434188608080149e-14
12 30 -1.11111111111111086e+03
12 31 2.08333333333333400e+02
12 32 -2.08333333333333371e+02
12 33 -5.55555555555555657e+02
12 34 2.08333333333333371e+02
12 35 -4.16666666666666572e+02
12 36 -6.94444444444444457e+02
13 7 5.55555555555556225e+02
13 8 5.68434188608080149e-14
13 9 2.84217094304040074e-14
13 10 -6.94444444444444798e+02
13 11 4.16666666666666686e+02
13 12 -2.08333333333333456e+02
13 13 4.44444444444444525e+03
13 14 0.00000000000000000e+00
13 15 0.00000000000000000e+00
13 16 -5.55555555555555884e+02
13 17 4.16666666666666742e+02
13 18 -4.16666666666666742e+02
13 25 -5.55555555555555429e+02
13 26 2.84217094304040074e-14
13 27 2.84217094304040074e-14
13 28 -5.55555555555555657e+02
13 29 2.08333333333333371e+02
13 30 -2.08333333333333400e+02
13 31 5.55555555555555770e+02
13 32 0.00000000000000000e+00
13 33 0.00000000000000000e+00
13 34 -6.94444444444444571e+02
13 35 2.08333333333333400e+02
13 36 -4.16666666666666742e+02
14 7 5.68434188608080149e-14
14 8 -1.11111111111111040e+03
14 9 8.33333333333333371e+02
14 10 4.16666666666666686e+02
14 11 -6.94444444444444571e+02
14 12 2.08333333333333371e+02
14 13 0.00000000000000000e+00
14 14 4.44444444444444525e+03
14 15 -8.33333333333333485e+02
14 16 -4.16666666666666742e+02
14 17 2.77777777777777487e+02
14 18 -2.08333333333333371e+02
14 25 0.00000000000000000e+00
14 26 -1.38888888888888914e+03
14 27 8.33333333333333485e+02
14 28 2.08333333333333371e+02
14 29 -5.55555555555555657e+02
14 30 2.08333333333333371e+02
14 31 0.00000000000000000e+00
14 32 5.55555555555555657e+02
14 33 -8.33333333333333485e+02
14 34 -2.08333333333333371e+02
14 35 -2.77777777777777828e+02
14 36 -2.08333333333333371e+02
15 7 -2.84217094304040074e-14
15 8 -8.33333333333333485e+02
15 9 5.55555555555556339e+02
15 10 2.08333333333333400e+02
15 11 -2.08333333333333314e+02
15 12 -2.77777777777777828e+02
15 13 0.00000000000000000e+00
15 14 -8.33333333333333485e+02
15 15 4.44444444444444525e+03
15 16 4.16666666666666572e+02
15 17 -2.08333333333333314e+02
15 18 2.77777777777777487e+02
15 25 -5.68434188608080149e-14
15 26 8.33333333333333371e+02
15 27 -1.38888888888888914e+03
15 28 -2.08333333333333371e+02
15 29 2.08333333333333400e+02
15 30 -5.55555555555555770e+02
15 31 0.00000000000000000e+00
15 32 8.33333333333333485e+02
15 33 -1.11111111111111131e+03
15 34 -4.16666666666666742e+02
15 35 2.08333333333333400e+02
15 36 -6.94444444444444571e+02
16 7 -6.94444444444444798e+02
16 8 -4.16666666666666742e+02
16 9 2.08333333333333371e+02
16 10 2.77777777777778113e+02
16 11 4.16666666666666742e+02
16 12 -2.08333333333333371e+02
16 13 -5.55555555555555884e+02
16 14 -4.16666666666666742e+02
16 15 4.16666666666666572e+02
16 16 2.22222222222222263e+03
16 17 4.16666666666666742e+02
16 18 -4.16666666666666572e+02
16 25 -5.55555555555555657e+02
16 26 -2.08333333333333400e+02
16 27 2.08333333333333371e+02
16 28 -2.77777777777777715e+02
16 29 2.08333333333333400e+02
16 30 -2.08333333333333371e+02
16 31 -6.94444444444444571e+02
16 32 -2.08333333333333400e+02
16 33 4.16666666666666742e+02
16 34 2.77777777777777999e+02
16 35 2.08333333333333400e+02
16 36 -4.16666666666666742e+02
17 7 -4.16666666666666742e+02
17 8 -6.94444444444444571e+02
17 9 2.08333333333333314e+02
17 10 -4.16666666666666686e+02
17 11 -5.55555555555555202e+02
17 12 4.16666666666666572e+02
17 13 4.16666666666666742e+02
17 14 2.77777777777777487e+02
17 15 -2.08333333333333314e+02
17 16 4.16666666666666742e+02
17 17 2.22222222222222217e+03
17 18 -4.16666666666666629e+02
17 25 -2.08333333333333371e+02
17 26 -5.55555555555555657e+02
17 27 2.08333333333333343e+02
17 28 -2.08333333333333371e+02
17 29 -6.94444444444444571e+02
17 30 4.16666666666666742e+02
17 31 2.08333333333333371e+02
17 32 -2.77777777777777828e+02
17 33 -2.08333333333333343e+02
17 34 2.08333333333333371e+02
17 35 2.77777777777777885e+02
17 36 -4.16666666666666686e+02
18 7 -2.08333333333333428e+02
18 8 -2.08333333333333371e+02
18 9 -2.77777777777777828e+02
18 10 -2.08333333333333400e+02
18 11 -4.16666666666666686e+02
18 12 2.77777777777778113e+02
18 13 -4.16666666666666742e+02
18 14 -2.08333333333333371e+02
18 15 2.77777777777777487e+02
18 16 -4.16666666666666572e+02
18 17 -4.16666666666666629e+02
18 18 2.22222222222222172e+03
18 25 2.08333333333333400e+02
18 26 2.08333333333333371e+02
18 27 -5.55555555555555543e+02
18 28 2.08333333333333371e+02
18 29 4.16666666666666572e+02
18 30 -6.94444444444444457e+02
18 31 4.16666666666666742e+02
18 32 2.08333333333333371e+02
18 33 -6.94444444444444343e+02
18 34 4.16666666666666742e+02
18 35 4.16666666666666629e+02
18 36 -5.55555555555555429e+02
19 2 -2.84217094304040074e-14
19 3 0.00000000000000000e+00
19 4 -6.94444444444444571e+02
19 5 -2.08333333333333371e+02
19 6 4.16666666666666686e+02
19 7 -5.55555555555555657e+02
19 8 0.00000000000000000e+00
19 9 -2.84217094304040074e-14
19 10 -5.55555555555555657e+02
19 11 -2.08333333333333371e+02
19 12 2.08333333333333400e+02
19 45 0.00000000000000000e+00
19 46 -5.55555555555555657e+02
19 47 -2.08333333333333371e+02
19 48 -2.08333333333333371e+02
19 1 5.55555555555555657e+02
19 19 8.88888888888889051e+03
19 20 0.00000000000000000e+00
19 21 0.00000000000000000e+00
19 22 -1.11111111111111177e+03
19 23 -8.33333333333333485e+02
19 24 5.68434188608080149e-14
19 25 1.11111111111111154e+03
19 26 0.00000000000000000e+00
19 27 5.68434188608080149e-14
19 28 -1.38888888888888937e+03
19 29 -8.33333333333333485e+02
19 30 -2.84217094304040074e-14
19 37 5.55555555555555884e+02
19 38 2.84217094304040074e-14
19 39 0.00000000000000000e+00
19 40 -6.94444444444444684e+02
19 41 -2.08333333333333343e+02
19 42 -4.16666666666666742e+02
19 43 -5.55555555555555429e+02
19 44 2.84217094304040074e-14
20 2 5.55555555555555657e+02
20 3 -8.33333333333333371e+02
20 4 2.08333333333333371e+02
20 5 -2.77777777777777828e+02
20 6 -2.08333333333333371e+02
20 7 2.84217094304040074e-14
20 8 -1.38888888888888937e+03
20 9 8.33333333333333371e+02
20 10 -2.08333333333333400e+02
20 11 -5.55555555555555657e+02
20 12 2.08333333333333371e+02
20 45 -8.33333333333333258e+02
20 46 -2.08333333333333371e+02
20 47 -5.55555555555555657e+02
20 48 -2.08333333333333371e+02
20 1 2.84217094304040074e-14
20 19 0.00000000000000000e+00
20 20 8.88888888888889051e+03
20 21 -5.68434188608080149e-14
20 22 8.33333333333333258e+02
20 23 5.55555555555555429e+02
20 24 0.00000000000000000e+00
20 25 0.00000000000000000e+00
20 26 -2.22222222222222263e+03
20 27 -1.13686837721616030e-13
20 28 -8.33333333333333485e+02
20 29 -1.38888888888888937e+03
20 30 0.00000000000000000e+00
20 37 5.68434188608080149e-14
20 38 5.55555555555555884e+02
20 39 8.33333333333333485e+02
20 40 2.08333333333333456e+02
20 41 -2.77777777777777942e+02
20 42 2.08333333333333400e+02
20 43 0.00000000000000000e+00
20 44 -1.38888888888888869e+03
21 2 8.33333333333333485e+02
21 3 -1.11111111111111131e+03
21 4 4.16666666666666686e+02
21 5 2.08333333333333371e+02
21 6 -6.94444444444444343e+02
21 7 0.00000000000000000e+00
21 8 8.33333333333333485e+02
21 9 -1.38888888888888937e+03
21 10 2.08333333333333343e+02
21 11 2.08333333333333343e+02
21 12 -5.55555555555555657e+02
21 45 -1.38888888888888869e+03
21 46 -2.08333333333333400e+02
21 47 -2.08333333333333371e+02
21 48 -5.55555555555555657e+02
21 1 0.00000000000000000e+00
21 19 0.00000000000000000e+00
21 20 -5.68434188608080149e-14
21 21 8.88888888888889051e+03
21 22 -1.70530256582424045e-13
21 23 -1.70530256582424045e-13
21 24 5.55555555555555429e+02
21 25 5.68434188608080149e-14
21 26 0.00000000000000000e+00
21 27 1.11111111111111131e+03
21 28 0.00000000000000000e+00
21 29 -5.68434188608080149e-14
21 30 -5.55555555555555770e+02
21 37 0.00000000000000000e+00
21 38 -8.33333333333333258e+02
21 39 -1.11111111111111109e+03
21 40 -4.16666666666666799e+02
21 41 -2.08333333333333371e+02
21 42 -6.94444444444444684e+02
21 43 -2.84217094304040074e-14
21 44 -8.33333333333333258e+02
22 2 2.08333333333333400e+02
22 3 -4.16666666666666799e+02
22 4 2.77777777777777942e+02
22 5 -2.08333333333333400e+02
22 6 4.16666666666666799e+02
22 7 -5.55555555555555657e+02
22 8 2.08333333333333371e+02
22 9 -2.08333333333333400e+02
22 10 -2.77777777777777828e+02
22 11 -2.08333333333333371e+02
22 12 2.08333333333333400e+02
22 45 2.08333333333333343e+02
22 46 -2.77777777777777544e+02
22 47 -2.08333333333333343e+02
22 48 -2.08333333333333343e+02
22 1 -6.94444444444444684e+02
22 19 -1.11111111111111177e+03
22 20 8.33333333333333258e+02
22 21 -1.70530256582424045e-13
22 22 4.44444444444444525e+03
22 23 -8.33333333333333258e+02
22 24 1.70530256582424045e-13
22 25 -1.38888888888888937e+03
22 26 8.33333333333333485e+02
22 27 -8.52651282912120223e-14
22 28 5.55555555555555770e+02
22 29 -8.33333333333333485e+02
22 30 8.52651282912120223e-14
22 37 -6.94444444444444684e+02
22 38 2.08333333333333286e+02
22 39 4.16666666666666629e+02
22 40 2.77777777777777942e+02
22 41 -2.08333333333333286e+02
22 42 -4.16666666666666629e+02
22 43 -5.55555555555555657e+02
22 44 2.08333333333333343e+02
23 2 -2.77777777777777942e+02
23 3 -2.08333333333333371e+02
23 4 -2.08333333333333371e+02
23 5 2.77777777777777828e+02
23 6 -4.16666666666666629e+02
23 7 2.08333333333333371e+02
23 8 -5.55555555555555657e+02
23 9 2.08333333333333371e+02
23 10 2.08333333333333400e+02
23 11 -6.94444444444444571e+02
23 12 4.16666666666666629e+02
23 45 -2.08333333333333314e+02
23 46 2.08333333333333371e+02
23 47 -6.94444444444444116e+02
23 48 -4.16666666666666686e+02
23 1 -2.08333333333333371e+02
23 19 -8.33333333333333485e+02
23 20 5.55555555555555429e+02
23 21 -1.70530256582424045e-13
23 22 -8.33333333333333258e+02
23 23 4.44444444444444525e+03
23 24 -2.27373675443232059e-13
23 25 8.33333333333333485e+02
23 26 -1.38888888888888914e+03
23 27 1.13686837721616030e-13
23 28 8.33333333333333485e+02
23 29 -1.11111111111111086e+03
23 30 1.13686837721616030e-13
23 37 -2.08333333333333456e+02
23 38 -2.77777777777777828e+02
23 39 2.08333333333333371e+02
23 40 -2.08333333333333456e+02
23 41 2.77777777777777885e+02
23 42 4.16666666666666742e+02
23 43 2.08333333333333371e+02
23 44 -5.55555555555555543e+02
24 2 2.08333333333333371e+02
24 3 -6.94444444444444798e+02
24 4 -4.16666666666666686e+02
24 5 4.16666666666666742e+02
24 6 -5.55555555555555543e+02
24 7 -2.08333333333333371e+02
24 8 2.08333333333333371e+02
24 9 -5.55555555555555657e+02
24 10 -2.08333333333333343e+02
24 11 4.16666666666666742e+02
24 12 -6.94444444444444571e+02
24 45 -5.55555555555555543e+02
24 46 2.08333333333333400e+02
24 47 -4.16666666666666572e+02
24 48 -6.94444444444444230e+02
24 1 -4.16666666666666742e+02
24 19 5.68434188608080149e-14
24 20 0.00000000000000000e+00
24 21 5.55555555555555429e+02
24 22 1.70530256582424045e-13
24 23 -2.27373675443232059e-13
24 24 4.44444444444444434e+03
24 25 -5.68434188608080149e-14
24 26 2.84217094304040074e-14
24 27 -5.55555555555555770e+02
24 28 0.00000000000000000e+00
24 29 -5.68434188608080149e-14
24 30 5.55555555555555657e+02
24 37 4.16666666666666686e+02
24 38 -2.08333333333333343e+02
24 39 -6.94444444444444343e+02
24 40 4.16666666666666799e+02
24 41 -4.16666666666666572e+02
24 42 -5.55555555555555543e+02
24 43 2.08333333333333400e+02
24 44 -2.08333333333333371e+02
25 2 0.00000000000000000e+00
25 3 -2.84217094304040074e-14
25 4 -5.55555555555555657e+02
25 5 2.08333333333333371e+02
25 6 2.08333333333333400e+02
25 7 1.11111111111111154e+03
25 8 -2.84217094304040074e-14
25 9 5.68434188608080149e-14
25 10 -1.38888888888888914e+03
25 11 0.00000000000000000e+00
25 12 8.33333333333333371e+02
25 13 -5.55555555555555429e+02
25 14 0.00000000000000000e+00
25 15 -5.68434188608080149e-14
25 16 -5.55555555555555657e+02
25 17 -2.08333333333333371e+02
25 18 2.08333333333333400e+02
25 45 0.00000000000000000e+00
25 46 -1.38888888888888914e+03
25 47 8.52651282912120223e-14
25 48 -8.33333333333333485e+02
25 49 -5.55555555555555429e+02
25 50 0.00000000000000000e+00
25 51 -2.84217094304040074e-14
25 52 -5.55555555555555657e+02
25 53 -2.08333333333333343e+02
25 54 -2.08333333333333400e+02
25 1 -5.55555555555555429e+02
25 19 1.11111111111111154e+03
25 20 0.00000000000000000e+00
25 21 5.68434188608080149e-14
25 22 -1.38888888888888937e+03
25 23 8.33333333333333485e+02
25 24 -5.68434188608080149e-14
25 25 1.77777777777777810e+04
25 26 -5.68434188608080149e-14
25 27 0.00000000000000000e+00
25 28 -2.22222222222222308e+03
25 29 5.68434188608080149e-14
25 30 -1.70530256582424045e-13
25 31 1.11111111111111177e+03
25 32 0.00000000000000000e+00
25 33 0.00000000000000000e+00
25 34 -1.38888888888888937e+03
25 35 -8.33333333333333485e+02
25 36 -1.70530256582424045e-13
25 37 -5.55555555555555884e+02
25 38 0.00000000000000000e+00
25 39 0.00000000000000000e+00
25 40 -5.55555555555555657e+02
25 41 2.08333333333333428e+02
25 42 -2.08333333333333371e+02
25 43 1.11111111111111177e+03
25 44 2.84217094304040074e-14
26 2 -1.38888888888888869e+03
26 3 -8.33333333333333258e+02
26 4 2.08333333333333371e+02
26 5 -5.55555555555555657e+02
26 6 -2.08333333333333371e+02
26 7 2.84217094304040074e-14
26 8 1.11111111111111131e+03
26 9 -1.13686837721616030e-13
26 10 -2.84217094304040074e-14
26 11 -5.55555555555555657e+02
26 12 0.00000000000000000e+00
26 13 2.84217094304040074e-14
26 14 -1.38888888888888914e+03
26 15 8.33333333333333371e+02
26 16 -2.08333333333333400e+02
26 17 -5.55555555555555657e+02
26 18 2.08333333333333371e+02
26 45 3.97903932025656104e-13
26 46 5.68434188608080149e-14
26 47 -5.55555555555555770e+02
26 48 2.84217094304040074e-14
26 49 0.00000000000000000e+00
26 50 -1.38888888888888869e+03
26 51 -8.33333333333333371e+02
26 52 -2.08333333333333371e+02
26 53 -5.55555555555555657e+02
26 54 -2.08333333333333371e+02
26 1 0.00000000000000000e+00
26 19 0.00000000000000000e+00
26 20 -2.22222222222222263e+03
26 21 0.00000000000000000e+00
26 22 8.33333333333333485e+02
26 23 -1.38888888888888914e+03
26 24 2.84217094304040074e-14
26 25 -5.68434188608080149e-14
26 26 1.77777777777777810e+04
26 27 -5.11590769747272134e-13
26 28 -1.70530256582424045e-13
26 29 1.11111111111111086e+03
26 30 -1.13686837721616030e-13
26 31 0.00000000000000000e+00
26 32 -2.22222222222222217e+03
26 33 -3.41060513164848089e-13
26 34 -8.33333333333333485e+02
26 35 -1.38888888888888914e+03
26 36 -2.84217094304040074e-14
26 37 2.84217094304040074e-14
26 38 -1.38888888888888960e+03
26 39 8.33333333333333485e+02
26 40 2.08333333333333371e+02
26 41 -5.55555555555555657e+02
26 42 2.08333333333333371e+02
26 43 2.84217094304040074e-14
26 44 1.11111111111111154e+03
27 2 -8.33333333333333485e+02
27 3 -1.38888888888888869e+03
27 4 2.08333333333333343e+02
27 5 -2.08333333333333343e+02
27 6 -5.55555555555555543e+02
27 7 0.00000000000000000e+00
27 8 0.00000000000000000e+00
27 9 -2.22222222222222263e+03
27 10 8.33333333333333485e+02
27 11 2.84217094304040074e-14
27 12 -1.38888888888888891e+03
27 13 2.84217094304040074e-14
27 14 8.33333333333333485e+02
27 15 -1.38888888888888914e+03
27 16 2.08333333333333371e+02
27 17 2.08333333333333343e+02
27 18 -5.55555555555555543e+02
27 45 -2.22222222222222172e+03
27 46 -8.33333333333333485e+02
27 47 2.84217094304040074e-14
27 48 -1.38888888888888937e+03
27 49 -2.84217094304040074e-14
27 50 -8.33333333333333258e+02
27 51 -1.38888888888888891e+03
27 52 -2.08333333333333371e+02
27 53 -2.08333333333333371e+02
27 54 -5.55555555555555657e+02
27 1 0.00000000000000000e+00
27 19 5.68434188608080149e-14
27 20 -1.13686837721616030e-13
27 21 1.11111111111111131e+03
27 22 -8.52651282912120223e-14
27 23 1.13686837721616030e-13
27 24 -5.55555555555555770e+02
27 25 0.00000000000000000e+00
27 26 -5.11590769747272134e-13
27 27 1.77777777777777810e+04
27 28 -1.70530256582424045e-13
27 29 -1.13686837721616030e-13
27 30 1.11111111111111086e+03
27 31 -2.84217094304040074e-14
27 32 -1.70530256582424045e-13
27 33 1.11111111111111131e+03
27 34 0.00000000000000000e+00
27 35 -1.13686837721616030e-13
27 36 -5.55555555555555657e+02
27 37 -2.84217094304040074e-14
27 38 8.33333333333333485e+02
27 39 -1.38888888888888937e+03
27 40 -2.08333333333333400e+02
27 41 2.08333333333333371e+02
27 42 -5.55555555555555770e+02
27 43 5.68434188608080149e-14
27 44 1.13686837721616030e-13
28 2 -2.08333333333333400e+02
28 3 -2.08333333333333400e+02
28 4 -2.77777777777777658e+02
28 5 2.08333333333333400e+02
28 6 2.08333333333333400e+02
28 7 -1.38888888888888914e+03
28 8 2.84217094304040074e-14
28 9 -8.33333333333333485e+02
28 10 5.55555555555555884e+02
28 11 -2.84217094304040074e-14
28 12 8.33333333333333485e+02
28 13 -5.55555555555555657e+02
28 14 2.08333333333333371e+02
28 15 -2.08333333333333371e+02
28 16 -2.77777777777777715e+02
28 17 -2.08333333333333371e+02
28 18 2.08333333333333371e+02
28 45 8.33333333333333485e+02
28 46 5.55555555555555884e+02
28 47 1.42108547152020037e-13
28 48 -8.33333333333333485e+02
28 49 -5.55555555555555657e+02
28 50 2.08333333333333343e+02
28 51 2.08333333333333371e+02
28 52 -2.77777777777777658e+02
28 53 -2.08333333333333343e+02
28 54 -2.08333333333333371e+02
28 1 -5.55555555555555657e+02
28 19 -1.38888888888888937e+03
28 20 -8.33333333333333485e+02
28 21 0.00000000000000000e+00
28 22 5.55555555555555770e+02
28 23 8.33333333333333485e+02
28 24 0.00000000000000000e+00
28 25 -2.22222222222222308e+03
28 26 -1.70530256582424045e-13
28 27 -1.70530256582424045e-13
28 28 8.88888888888889051e+03
28 29 1.70530256582424045e-13
28 30 1.70530256582424045e-13
28 31 -1.38888888888888937e+03
28 32 8.33333333333333485e+02
28 33 5.68434188608080149e-14
28 34 5.55555555555555884e+02
28 35 -8.33333333333333485e+02
28 36 -5.68434188608080149e-14
28 37 -5.55555555555555657e+02
28 38 -2.08333333333333428e+02
28 39 2.08333333333333343e+02
28 40 -2.77777777777777942e+02
28 41 2.08333333333333428e+02
28 42 -2.08333333333333343e+02
28 43 -1.38888888888888914e+03
28 44 -1.42108547152020037e-13
29 2 -5.55555555555555657e+02
29 3 -2.08333333333333371e+02
29 4 -2.08333333333333371e+02
29 5 -6.94444444444444343e+02
29 6 -4.16666666666666572e+02
29 7 2.84217094304040074e-14
29 8 -5.55555555555555884e+02
29 9 0.00000000000000000e+00
29 10 2.84217094304040074e-14
29 11 5.55555555555555657e+02
29 12 5.68434188608080149e-14
29 13 2.08333333333333371e+02
29 14 -5.55555555555555657e+02
29 15 2.08333333333333400e+02
29 16 2.08333333333333400e+02
29 17 -6.94444444444444571e+02
29 18 4.16666666666666572e+02
29 45 5.68434188608080149e-14
29 46 -5.68434188608080149e-14
29 47 5.55555555555555770e+02
29 48 1.13686837721616030e-13
29 49 2.08333333333333371e+02
29 50 -5.55555555555555543e+02
29 51 -2.08333333333333314e+02
29 52 2.08333333333333371e+02
29 53 -6.94444444444444343e+02
29 54 -4.16666666666666686e+02
29 1 -2.08333333333333371e+02
29 19 -8.33333333333333485e+02
29 20 -1.38888888888888937e+03
29 21 -5.68434188608080149e-14
29 22 -8.33333333333333485e+02
29 23 -1.11111111111111086e+03
29 24 -5.68434188608080149e-14
29 25 5.68434188608080149e-14
29 26 1.11111111111111086e+03
29 27 -1.13686837721616030e-13
29 28 1.70530256582424045e-13
29 29 8.88888888888888869e+03
29 30 -3.97903932025656104e-13
29 31 8.33333333333333485e+02
29 32 -1.38888888888888914e+03
29 33 5.68434188608080149e-14
29 34 8.33333333333333485e+02
29 35 -1.11111111111111086e+03
29 36 0.00000000000000000e+00
29 37 -2.08333333333333400e+02
29 38 -5.55555555555555657e+02
29 39 2.08333333333333371e+02
29 40 -2.08333333333333371e+02
29 41 -6.94444444444444798e+02
29 42 4.16666666666666742e+02
29 43 -8.52651282912120223e-14
29 44 -5.55555555555555543e+02
30 2 -2.08333333333333371e+02
30 3 -5.55555555555555657e+02
30 4 -2.08333333333333343e+02
30 5 -4.16666666666666686e+02
30 6 -6.94444444444444343e+02
30 7 -8.33333333333333485e+02
30 8 0.00000000000000000e+00
30 9 -1.38888888888888937e+03
30 10 -8.33333333333333485e+02
30 11 0.00000000000000000e+00
30 12 -1.11111111111111086e+03
30 13 -2.08333333333333400e+02
30 14 2.08333333333333371e+02
30 15 -5.55555555555555770e+02
30 16 -2.08333333333333371e+02
30 17 4.16666666666666742e+02
30 18 -6.94444444444444457e+02
30 45 -1.38888888888888891e+03
30 46 8.33333333333333485e+02
30 47 2.84217094304040074e-13
30 48 -1.11111111111111086e+03
30 49 2.08333333333333400e+02
30 50 -2.08333333333333371e+02
30 51 -5.55555555555555543e+02
30 52 2.08333333333333371e+02
30 53 -4.16666666666666572e+02
30 54 -6.94444444444444457e+02
30 1 -2.08333333333333371e+02
30 19 -2.84217094304040074e-14
30 20 0.00000000000000000e+00
30 21 -5.55555555555555770e+02
30 22 8.52651282912120223e-14
30 23 1.13686837721616030e-13
30 24 5.55555555555555657e+02
30 25 -1.70530256582424045e-13
30 26 -1.13686837721616030e-13
30 27 1.11111111111111086e+03
30 28 1.70530256582424045e-13
30 29 -3.97903932025656104e-13
30 30 8.88888888888889051e+03
30 31 -8.52651282912120223e-14
30 32 0.00000000000000000e+00
30 33 -5.55555555555555657e+02
30 34 0.00000000000000000e+00
30 35 -1.70530256582424045e-13
30 36 5.55555555555555657e+02
30 37 2.08333333333333400e+02
30 38 2.08333333333333371e+02
30 39 -5.55555555555555657e+02
30 40 2.08333333333333400e+02
30 41 4.16666666666666629e+02
30 42 -6.94444444444444798e+02
30 43 8.33333333333333371e+02
30 44 5.68434188608080149e-14
31 7 -5.55555555555555543e+02
31 8 0.00000000000000000e+00
31 9 -2.84217094304040074e-14
31 10 -5.55555555555555657e+02
31 11 2.08333333333333371e+02
31 12 2.08333333333333400e+02
31 13 5.55555555555555770e+02
31 14 0.00000000000000000e+00
31 15 0.00000000000000000e+00
31 16 -6.94444444444444571e+02
31 17 2.08333333333333371e+02
31 18 4.16666666666666742e+02
31 45 2.84217094304040074e-14
31 46 -5.55555555555555770e+02
31 47 2.08333333333333428e+02
31 48 -2.08333333333333400e+02
31 49 5.55555555555555770e+02
31 50 2.84217094304040074e-14
31 51 0.00000000000000000e+00
31 52 -6.94444444444444684e+02
31 53 2.08333333333333428e+02
31 54 -4.16666666666666742e+02
31 25 1.11111111111111177e+03
31 26 0.00000000000000000e+00
31 27 -2.84217094304040074e-14
31 28 -1.38888888888888937e+03
31 29 8.33333333333333485e+02
31 30 -8.52651282912120223e-14
31 31 8.88888888888889051e+03
31 32 -5.68434188608080149e-14
31 33 0.00000000000000000e+00
31 34 -1.11111111111111131e+03
31 35 8.33333333333333485e+02
31 36 0.00000000000000000e+00
31 43 -5.55555555555555657e+02
31 44 0.00000000000000000e+00
32 7 0.00000000000000000e+00
32 8 -1.38888888888888914e+03
32 9 -8.33333333333333371e+02
32 10 2.08333333333333371e+02
32 11 -5.55555555555555657e+02
32 12 -2.08333333333333371e+02
32 13 0.00000000000000000e+00
32 14 5.55555555555555657e+02
32 15 8.33333333333333485e+02
32 16 -2.08333333333333400e+02
32 17 -2.77777777777777828e+02
32 18 2.08333333333333371e+02
32 45 8.33333333333333485e+02
32 46 2.08333333333333371e+02
32 47 -5.55555555555555770e+02
32 48 2.08333333333333371e+02
32 49 0.00000000000000000e+00
32 50 5.55555555555555770e+02
32 51 -8.33333333333333258e+02
32 52 -2.08333333333333343e+02
32 53 -2.77777777777777885e+02
32 54 -2.08333333333333343e+02
32 25 0.00000000000000000e+00
32 26 -2.22222222222222217e+03
32 27 -1.70530256582424045e-13
32 28 8.33333333333333485e+02
32 29 -1.38888888888888914e+03
32 30 0.00000000000000000e+00
32 31 -5.68434188608080149e-14
32 32 8.88888888888888869e+03
32 33 -3.41060513164848089e-13
32 34 -8.33333333333333485e+02
32 35 5.55555555555555429e+02
32 36 -2.84217094304040074e-14
32 43 0.00000000000000000e+00
32 44 -1.38888888888888937e+03
33 7 0.00000000000000000e+00
33 8 -8.33333333333333485e+02
33 9 -1.38888888888888914e+03
33 10 2.08333333333333371e+02
33 11 -2.08333333333333343e+02
33 12 -5.55555555555555657e+02
33 13 0.00000000000000000e+00
33 14 -8.33333333333333485e+02
33 15 -1.11111111111111131e+03
33 16 4.16666666666666742e+02
33 17 -2.08333333333333343e+02
33 18 -6.94444444444444343e+02
33 45 -1.38888888888888914e+03
33 46 -2.08333333333333371e+02
33 47 2.08333333333333400e+02
33 48 -5.55555555555555770e+02
33 49 0.00000000000000000e+00
33 50 8.33333333333333485e+02
33 51 -1.11111111111111131e+03
33 52 -4.16666666666666742e+02
33 53 2.08333333333333428e+02
33 54 -6.94444444444444684e+02
33 25 0.00000000000000000e+00
33 26 -3.41060513164848089e-13
33 27 1.11111111111111131e+03
33 28 5.68434188608080149e-14
33 29 5.68434188608080149e-14
33 30 -5.55555555555555657e+02
33 31 0.00000000000000000e+00
33 32 -3.41060513164848089e-13
33 33 8.88888888888889051e+03
33 34 -2.27373675443232059e-13
33 35 8.52651282912120223e-14
33 36 5.55555555555555429e+02
33 43 -5.68434188608080149e-14
33 44 8.33333333333333258e+02
34 7 -5.55555555555555657e+02
34 8 -2.08333333333333400e+02
34 9 -2.08333333333333371e+02
34 10 -2.77777777777777715e+02
34 11 2.08333333333333400e+02
34 12 2.08333333333333371e+02
34 13 -6.94444444444444571e+02
34 14 -2.08333333333333371e+02
34 15 -4.16666666666666742e+02
34 16 2.77777777777777999e+02
34 17 2.08333333333333371e+02
34 18 4.16666666666666742e+02
34 45 2.08333333333333371e+02
34 46 -2.77777777777777828e+02
34 47 2.08333333333333428e+02
34 48 -2.08333333333333371e+02
34 49 -6.94444444444444571e+02
34 50 -2.08333333333333456e+02
34 51 4.16666666666666742e+02
34 52 2.77777777777777999e+02
34 53 2.08333333333333456e+02
34 54 -4.16666666666666742e+02
34 25 -1.38888888888888937e+03
34 26 -8.33333333333333485e+02
34 27 0.00000000000000000e+00
34 28 5.55555555555555884e+02
34 29 8.33333333333333485e+02
34 30 0.00000000000000000e+00
34 31 -1.11111111111111131e+03
34 32 -8.33333333333333485e+02
34 33 -2.27373675443232059e-13
34 34 4.44444444444444525e+03
34 35 8.33333333333333485e+02
34 36 2.27373675443232059e-13
34 43 -5.55555555555555657e+02
34 44 -2.08333333333333428e+02
35 7 -2.08333333333333371e+02
35 8 -5.55555555555555657e+02
35 9 -2.08333333333333371e+02
35 10 -2.08333333333333371e+02
35 11 -6.94444444444444343e+02
35 12 -4.16666666666666572e+02
35 13 2.08333333333333400e+02
35 14 -2.77777777777777828e+02
35 15 2.08333333333333400e+02
35 16 2.08333333333333400e+02
35 17 2.77777777777777885e+02
35 18 4.16666666666666629e+02
35 45 2.08333333333333343e+02
35 46 -2.08333333333333371e+02
35 47 -6.94444444444444684e+02
35 48 4.16666666666666742e+02
35 49 2.08333333333333343e+02
35 50 -2.77777777777777828e+02
35 51 -2.08333333333333314e+02
35 52 2.08333333333333343e+02
35 53 2.77777777777777942e+02
35 54 -4.16666666666666629e+02
35 25 -8.33333333333333485e+02
35 26 -1.38888888888888914e+03
35 27 -1.13686837721616030e-13
35 28 -8.33333333333333485e+02
35 29 -1.11111111111111086e+03
35 30 -1.70530256582424045e-13
35 31 8.33333333333333485e+02
35 32 5.55555555555555429e+02
35 33 8.52651282912120223e-14
35 34 8.33333333333333485e+02
35 35 4.44444444444444525e+03
35 36 0.00000000000000000e+00
35 43 -2.08333333333333371e+02
35 44 -5.55555555555555657e+02
36 7 -2.08333333333333400e+02
36 8 -2.08333333333333371e+02
36 9 -5.55555555555555770e+02
36 10 -2.08333333333333371e+02
36 11 -4.16666666666666686e+02
36 12 -6.94444444444444457e+02
36 13 -4.16666666666666742e+02
36 14 -2.08333333333333371e+02
36 15 -6.94444444444444571e+02
36 16 -4.16666666666666742e+02
36 17 -4.16666666666666686e+02
36 18 -5.55555555555555429e+02
36 45 -5.55555555555555657e+02
36 46 2.08333333333333371e+02
36 47 4.16666666666666629e+02
36 48 -6.94444444444444571e+02
36 49 4.16666666666666742e+02
36 50 2.08333333333333400e+02
36 51 -6.94444444444444343e+02
36 52 4.16666666666666742e+02
36 53 4.16666666666666742e+02
36 54 -5.55555555555555429e+02
36 25 -1.70530256582424045e-13
36 26 -2.84217094304040074e-14
36 27 -5.55555555555555657e+02
36 28 -5.68434188608080149e-14
36 29 0.00000000000000000e+00
36 30 5.55555555555555657e+02
36 31 0.00000000000000000e+00
36 32 -2.84217094304040074e-14
36 33 5.55555555555555429e+02
36 34 2.27373675443232059e-13
36 35 0.00000000000000000e+00
36 36 4.44444444444444525e+03
36 43 2.08333333333333400e+02
36 44 2.08333333333333371e+02
37 45 5.68434188608080149e-14
37 46 -6.94444444444444571e+02
37 47 -4.16666666666666742e+02
37 48 2.08333333333333343e+02
37 19 5.55555555555555884e+02
37 20 5.68434188608080149e-14
37 21 0.00000000000000000e+00
37 22 -6.94444444444444684e+02
37 23 -2.08333333333333456e+02
37 24 4.16666666666666686e+02
37 25 -5.55555555555555884e+02
37 26 2.84217094304040074e-14
37 27 -2.84217094304040074e-14
37 28 -5.55555555555555657e+02
37 29 -2.08333333333333400e+02
37 30 2.08333333333333400e+02
37 37 4.44444444444444434e+03
37 38 0.00000000000000000e+00
37 39 5.68434188608080149e-14
37 40 -5.55555555555555657e+02
37 41 -4.16666666666666742e+02
37 42 4.16666666666666686e+02
37 43 5.55555555555555657e+02
37 44 0.00000000000000000e+00
38 45 8.33333333333333371e+02
38 46 -4.16666666666666686e+02
38 47 -6.94444444444444571e+02
38 48 2.08333333333333343e+02
38 19 2.84217094304040074e-14
38 20 5.55555555555555884e+02
38 21 -8.33333333333333258e+02
38 22 2.08333333333333286e+02
38 23 -2.77777777777777828e+02
38 24 -2.08333333333333343e+02
38 25 0.00000000000000000e+00
38 26 -1.38888888888888960e+03
38 27 8.33333333333333485e+02
38 28 -2.08333333333333428e+02
38 29 -5.55555555555555657e+02
38 30 2.08333333333333371e+02
38 37 0.00000000000000000e+00
38 38 4.44444444444444525e+03
38 39 -8.33333333333333485e+02
38 40 4.16666666666666742e+02
38 41 2.77777777777777942e+02
38 42 -2.08333333333333371e+02
38 43 0.00000000000000000e+00
38 44 -1.11111111111111131e+03
39 45 5.55555555555555657e+02
39 46 -2.08333333333333371e+02
39 47 -2.08333333333333400e+02
39 48 -2.77777777777777828e+02
39 19 0.00000000000000000e+00
39 20 8.33333333333333485e+02
39 21 -1.11111111111111109e+03
39 22 4.16666666666666629e+02
39 23 2.08333333333333371e+02
39 24 -6.94444444444444343e+02
39 25 0.00000000000000000e+00
39 26 8.33333333333333485e+02
39 27 -1.38888888888888937e+03
39 28 2.08333333333333343e+02
39 29 2.08333333333333371e+02
39 30 -5.55555555555555657e+02
39 37 5.68434188608080149e-14
39 38 -8.33333333333333485e+02
39 39 4.44444444444444434e+03
39 40 -4.16666666666666799e+02
39 41 -2.08333333333333428e+02
39 42 2.77777777777777828e+02
39 43 2.84217094304040074e-14
39 44 -8.33333333333333485e+02
40 45 -2.08333333333333428e+02
40 46 2.77777777777777885e+02
40 47 -4.16666666666666742e+02
40 48 2.08333333333333428e+02
40 19 -6.94444444444444684e+02
40 20 2.08333333333333456e+02
40 21 -4.16666666666666799e+02
40 22 2.77777777777777942e+02
40 23 -2.08333333333333456e+02
40 24 4.16666666666666799e+02
40 25 -5.55555555555555657e+02
40 26 2.08333333333333371e+02
40 27 -2.08333333333333400e+02
40 28 -2.77777777777777942e+02
40 29 -2.08333333333333371e+02
40 30 2.08333333333333400e+02
40 37 -5.55555555555555657e+02
40 38 4.16666666666666742e+02
40 39 -4.16666666666666799e+02
40 40 2.22222222222222217e+03
40 41 -4.16666666666666742e+02
40 42 4.16666666666666799e+02
40 43 -6.94444444444444571e+02
40 44 4.16666666666666742e+02
41 45 2.08333333333333371e+02
41 46 4.16666666666666686e+02
41 47 -5.55555555555555657e+02
41 48 4.16666666666666742e+02
41 19 -2.08333333333333343e+02
41 20 -2.77777777777777942e+02
41 21 -2.08333333333333371e+02
41 22 -2.08333333333333286e+02
41 23 2.77777777777777885e+02
41 24 -4.16666666666666572e+02
41 25 2.08333333333333428e+02
41 26 -5.55555555555555657e+02
41 27 2.08333333333333371e+02
41 28 2.08333333333333428e+02
41 29 -6.94444444444444798e+02
41 30 4.16666666666666629e+02
41 37 -4.16666666666666742e+02
41 38 2.77777777777777942e+02
41 39 -2.08333333333333428e+02
41 40 -4.16666666666666742e+02
41 41 2.22222222222222263e+03
41 42 -4.16666666666666742e+02
41 43 4.16666666666666686e+02
41 44 -6.94444444444444571e+02
42 45 -2.77777777777777828e+02
42 46 2.08333333333333371e+02
42 47 -4.16666666666666742e+02
42 48 2.77777777777777942e+02
42 19 -4.16666666666666742e+02
42 20 2.08333333333333400e+02
42 21 -6.94444444444444684e+02
42 22 -4.16666666666666629e+02
42 23 4.16666666666666742e+02
42 24 -5.55555555555555543e+02
42 25 -2.08333333333333371e+02
42 26 2.08333333333333371e+02
42 27 -5.55555555555555770e+02
42 28 -2.08333333333333343e+02
42 29 4.16666666666666742e+02
42 30 -6.94444444444444798e+02
42 37 4.16666666666666686e+02
42 38 -2.08333333333333371e+02
42 39 2.77777777777777828e+02
42 40 4.16666666666666799e+02
42 41 -4.16666666666666742e+02
42 42 2.22222222222222217e+03
42 43 2.08333333333333343e+02
42 44 -2.08333333333333371e+02
43 45 0.00000000000000000e+00
43 46 -1.11111111111111131e+03
43 47 -5.68434188608080149e-14
43 48 8.33333333333333371e+02
43 49 5.55555555555555429e+02
43 50 0.00000000000000000e+00
43 51 -2.84217094304040074e-14
43 52 -6.94444444444444571e+02
43 53 -4.16666666666666742e+02
43 54 2.08333333333333314e+02
43 1 -2.29166666666666697e+03
43 19 -5.55555555555555429e+02
43 20 0.00000000000000000e+00
43 21 -2.84217094304040074e-14
43 22 -5.55555555555555657e+02
43 23 2.08333333333333371e+02
43 24 2.08333333333333400e+02
43 25 1.11111111111111177e+03
43 26 2.84217094304040074e-14
43 27 5.68434188608080149e-14
43 28 -1.38888888888888914e+03
43 29 -8.52651282912120223e-14
43 30 8.33333333333333371e+02
43 31 -5.55555555555555657e+02
43 32 0.00000000000000000e+00
43 33 -5.68434188608080149e-14
43 34 -5.55555555555555657e+02
43 35 -2.08333333333333371e+02
43 36 2.08333333333333400e+02
43 37 5.55555555555555657e+02
43 38 0.00000000000000000e+00
43 39 2.84217094304040074e-14
43 40 -6.94444444444444571e+02
43 41 4.16666666666666686e+02
43 42 2.08333333333333343e+02
43 43 8.88888888888888869e+03
43 44 0.00000000000000000e+00
44 45 -3.97903932025656104e-13
44 46 5.68434188608080149e-14
44 47 5.55555555555555657e+02
44 48 -5.68434188608080149e-14
44 49 0.00000000000000000e+00
44 50 -1.11111111111111131e+03
44 51 8.33333333333333258e+02
44 52 -4.16666666666666686e+02
44 53 -6.94444444444444571e+02
44 54 2.08333333333333314e+02
44 1 -2.29166666666666697e+03
44 19 2.84217094304040074e-14
44 20 -1.38888888888888869e+03
44 21 -8.33333333333333258e+02
44 22 2.08333333333333343e+02
44 23 -5.55555555555555543e+02
44 24 -2.08333333333333371e+02
44 25 2.84217094304040074e-14
44 26 1.11111111111111154e+03
44 27 1.13686837721616030e-13
44 28 -1.42108547152020037e-13
44 29 -5.55555555555555543e+02
44 30 5.68434188608080149e-14
44 31 0.00000000000000000e+00
44 32 -1.38888888888888937e+03
44 33 8.33333333333333258e+02
44 34 -2.08333333333333428e+02
44 35 -5.55555555555555657e+02
44 36 2.08333333333333371e+02
44 37 0.00000000000000000e+00
44 38 -1.11111111111111131e+03
44 39 -8.33333333333333485e+02
44 40 4.16666666666666742e+02
44 41 -6.94444444444444571e+02
44 42 -2.08333333333333371e+02
44 43 0.00000000000000000e+00
44 44 8.88888888888888869e+03
45 45 8.88888888888888869e+03
45 46 -8.33333333333333485e+02
45 47 -5.68434188608080149e-14
45 48 5.55555555555555543e+02
45 49 -2.84217094304040074e-14
45 50 -8.33333333333333485e+02
45 51 5.55555555555555202e+02
45 52 -2.08333333333333371e+02
45 53 -2.08333333333333428e+02
45 54 -2.77777777777777885e+02
45 1 -8.33333333333333599e+02
45 19 0.00000000000000000e+00
45 20 -8.33333333333333258e+02
45 21 -1.38888888888888869e+03
45 22 2.08333333333333343e+02
45 23 -2.08333333333333314e+02
45 24 -5.55555555555555543e+02
45 25 0.00000000000000000e+00
45 26 3.97903932025656104e-13
45 27 -2.22222222222222172e+03
45 28 8.33333333333333485e+02
45 29 5.68434188608080149e-14
45 30 -1.38888888888888891e+03
45 31 2.84217094304040074e-14
45 32 8.33333333333333485e+02
45 33 -1.38888888888888914e+03
45 34 2.08333333333333371e+02
45 35 2.08333333333333343e+02
45 36 -5.55555555555555657e+02
45 37 5.68434188608080149e-14
45 38 8.33333333333333371e+02
45 39 5.55555555555555657e+02
45 40 -2.08333333333333428e+02
45 41 2.08333333333333371e+02
45 42 -2.77777777777777828e+02
45 43 0.00000000000000000e+00
45 44 -3.97903932025656104e-13
46 45 -8.33333333333333485e+02
46 46 4.44444444444444434e+03
46 47 -5.68434188608080149e-14
46 48 8.33333333333333485e+02
46 49 -6.94444444444444571e+02
46 50 4.16666666666666742e+02
46 51 -2.08333333333333314e+02
46 52 2.77777777777777715e+02
46 53 -4.16666666666666742e+02
46 54 2.08333333333333314e+02
46 19 -5.55555555555555657e+02
46 20 -2.08333333333333371e+02
46 21 -2.08333333333333400e+02
46 22 -2.77777777777777544e+02
46 23 2.08333333333333371e+02
46 24 2.08333333333333400e+02
46 25 -1.38888888888888914e+03
46 26 5.68434188608080149e-14
46 27 -8.33333333333333485e+02
46 28 5.55555555555555884e+02
46 29 -5.68434188608080149e-14
46 30 8.33333333333333485e+02
46 31 -5.55555555555555770e+02
46 32 2.08333333333333371e+02
46 33 -2.08333333333333371e+02
46 34 -2.77777777777777828e+02
46 35 -2.08333333333333371e+02
46 36 2.08333333333333371e+02
46 37 -6.94444444444444571e+02
46 38 -4.16666666666666686e+02
46 39 -2.08333333333333371e+02
46 40 2.77777777777777885e+02
46 41 4.16666666666666686e+02
46 42 2.08333333333333371e+02
46 43 -1.11111111111111131e+03
46 44 5.68434188608080149e-14
47 45 -5.68434188608080149e-14
47 46 -5.68434188608080149e-14
47 47 4.44444444444444434e+03
47 48 -2.27373675443232059e-13
47 49 4.16666666666666686e+02
47 50 -6.94444444444444571e+02
47 51 2.08333333333333400e+02
47 52 4.16666666666666686e+02
47 53 -5.55555555555555657e+02
47 54 4.16666666666666686e+02
47 19 -2.08333333333333371e+02
47 20 -5.55555555555555657e+02
47 21 -2.08333333333333371e+02
47 22 -2.08333333333333343e+02
47 23 -6.94444444444444116e+02
47 24 -4.16666666666666572e+02
47 25 8.52651282912120223e-14
47 26 -5.55555555555555770e+02
47 27 2.84217094304040074e-14
47 28 1.42108547152020037e-13
47 29 5.55555555555555770e+02
47 30 2.84217094304040074e-13
47 31 2.08333333333333428e+02
47 32 -5.55555555555555770e+02
47 33 2.08333333333333400e+02
47 34 2.08333333333333428e+02
47 35 -6.94444444444444684e+02
47 36 4.16666666666666629e+02
47 37 -4.16666666666666742e+02
47 38 -6.94444444444444571e+02
47 39 -2.08333333333333400e+02
47 40 -4.16666666666666742e+02
47 41 -5.55555555555555657e+02
47 42 -4.16666666666666742e+02
47 43 -5.68434188608080149e-14
47 44 5.55555555555555657e+02
48 45 5.55555555555555543e+02
48 46 8.33333333333333485e+02
48 47 -2.27373675443232059e-13
48 48 4.44444444444444434e+03
48 49 2.08333333333333343e+02
48 50 -2.08333333333333371e+02
48 51 -2.77777777777777885e+02
48 52 2.08333333333333371e+02
48 53 -4.16666666666666742e+02
48 54 2.77777777777777715e+02
48 19 -2.08333333333333371e+02
48 20 -2.08333333333333371e+02
48 21 -5.55555555555555657e+02
48 22 -2.08333333333333343e+02
48 23 -4.16666666666666686e+02
48 24 -6.94444444444444230e+02
48 25 -8.33333333333333485e+02
48 26 2.84217094304040074e-14
48 27 -1.38888888888888937e+03
48 28 -8.33333333333333485e+02
48 29 1.13686837721616030e-13
48 30 -1.11111111111111086e+03
48 31 -2.08333333333333400e+02
48 32 2.08333333333333371e+02
48 33 -5.55555555555555770e+02
48 34 -2.08333333333333371e+02
48 35 4.16666666666666742e+02
48 36 -6.94444444444444571e+02
48 37 2.08333333333333343e+02
48 38 2.08333333333333343e+02
48 39 -2.77777777777777828e+02
48 40 2.08333333333333428e+02
48 41 4.16666666666666742e+02
48 42 2.77777777777777942e+02
48 43 8.33333333333333371e+02
48 44 -5.68434188608080149e-14
49 45 -2.84217094304040074e-14
49 46 -6.94444444444444571e+02
49 47 4.16666666666666686e+02
49 48 2.08333333333333343e+02
49 49 4.44444444444444525e+03
49 50 0.00000000000000000e+00
49 51 5.68434188608080149e-14
49 52 -5.55555555555555543e+02
49 53 4.16666666666666686e+02
49 54 4.16666666666666686e+02
49 25 -5.55555555555555429e+02
49 26 0.00000000000000000e+00
49 27 -2.84217094304040074e-14
49 28 -5.55555555555555657e+02
49 29 2.08333333333333371e+02
49 30 2.08333333333333400e+02
49 31 5.55555555555555770e+02
49 32 0.00000000000000000e+00
49 33 0.00000000000000000e+00
49 34 -6.94444444444444571e+02
49 35 2.08333333333333343e+02
49 36 4.16666666666666742e+02
49 43 5.55555555555555429e+02
49 44 0.00000000000000000e+00
50 45 -8.33333333333333485e+02
50 46 4.16666666666666742e+02
50 47 -6.94444444444444571e+02
50 48 -2.08333333333333371e+02
50 49 0.00000000000000000e+00
50 50 4.44444444444444434e+03
50 51 8.33333333333333258e+02
50 52 -4.16666666666666686e+02
50 53 2.77777777777777715e+02
50 54 2.08333333333333314e+02
50 25 0.00000000000000000e+00
50 26 -1.38888888888888869e+03
50 27 -8.33333333333333258e+02
50 28 2.08333333333333343e+02
50 29 -5.55555555555555543e+02
50 30 -2.08333333333333371e+02
50 31 2.84217094304040074e-14
50 32 5.55555555555555770e+02
50 33 8.33333333333333485e+02
50 34 -2.08333333333333456e+02
50 35 -2.77777777777777828e+02
50 36 2.08333333333333400e+02
50 43 0.00000000000000000e+00
50 44 -1.11111111111111131e+03
51 45 5.55555555555555202e+02
51 46 -2.08333333333333314e+02
51 47 2.08333333333333400e+02
51 48 -2.77777777777777885e+02
51 49 5.68434188608080149e-14
51 50 8.33333333333333258e+02
51 51 4.44444444444444525e+03
51 52 -4.16666666666666799e+02
51 53 2.08333333333333371e+02
51 54 2.77777777777777771e+02
51 25 -2.84217094304040074e-14
51 26 -8.33333333333333371e+02
51 27 -1.38888888888888891e+03
51 28 2.08333333333333371e+02
51 29 -2.08333333333333314e+02
51 30 -5.55555555555555543e+02
51 31 0.00000000000000000e+00
51 32 -8.33333333333333258e+02
51 33 -1.11111111111111131e+03
51 34 4.16666666666666742e+02
51 35 -2.08333333333333314e+02
51 36 -6.94444444444444343e+02
51 43 -2.84217094304040074e-14
51 44 8.33333333333333258e+02
52 45 -2.08333333333333371e+02
52 46 2.77777777777777715e+02
52 47 4.16666666666666686e+02
52 48 2.08333333333333371e+02
52 49 -5.55555555555555543e+02
52 50 -4.16666666666666686e+02
52 51 -4.16666666666666799e+02
52 52 2.22222222222222263e+03
52 53 4.16666666666666686e+02
52 54 4.16666666666666799e+02
52 25 -5.55555555555555657e+02
52 26 -2.08333333333333371e+02
52 27 -2.08333333333333371e+02
52 28 -2.77777777777777658e+02
52 29 2.08333333333333371e+02
52 30 2.08333333333333371e+02
52 31 -6.94444444444444684e+02
52 32 -2.08333333333333343e+02
52 33 -4.16666666666666742e+02
52 34 2.77777777777777999e+02
52 35 2.08333333333333343e+02
52 36 4.16666666666666742e+02
52 43 -6.94444444444444571e+02
52 44 -4.16666666666666686e+02
53 45 -2.08333333333333428e+02
53 46 -4.16666666666666742e+02
53 47 -5.55555555555555657e+02
53 48 -4.16666666666666742e+02
53 49 4.16666666666666686e+02
53 50 2.77777777777777715e+02
53 51 2.08333333333333371e+02
53 52 4.16666666666666686e+02
53 53 2.22222222222222217e+03
53 54 4.16666666666666686e+02
53 25 -2.08333333333333343e+02
53 26 -5.55555555555555657e+02
53 27 -2.08333333333333371e+02
53 28 -2.08333333333333343e+02
53 29 -6.94444444444444343e+02
53 30 -4.16666666666666572e+02
53 31 2.08333333333333428e+02
53 32 -2.77777777777777885e+02
53 33 2.08333333333333428e+02
53 34 2.08333333333333456e+02
53 35 2.77777777777777942e+02
53 36 4.16666666666666742e+02
53 43 -4.16666666666666742e+02
53 44 -6.94444444444444571e+02
54 45 -2.77777777777777885e+02
54 46 2.08333333333333314e+02
54 47 4.16666666666666686e+02
54 48 2.77777777777777715e+02
54 49 4.16666666666666686e+02
54 50 2.08333333333333314e+02
54 51 2.77777777777777771e+02
54 52 4.16666666666666799e+02
54 53 4.16666666666666686e+02
54 54 2.22222222222222263e+03
54 25 -2.08333333333333400e+02
54 26 -2.08333333333333371e+02
54 27 -5.55555555555555657e+02
54 28 -2.08333333333333371e+02
54 29 -4.16666666666666686e+02
54 30 -6.94444444444444457e+02
54 31 -4.16666666666666742e+02
54 32 -2.08333333333333343e+02
54 33 -6.94444444444444684e+02
54 34 -4.16666666666666742e+02
54 35 -4.16666666666666629e+02
54 36 -5.55555555555555429e+02
54 43 2.08333333333333314e+02
54 44 2.08333333333333314e+02
